Name,2PRACE,Hispanic,API,Black,AIAN,White
Jim Parsons,0.0003239817003098,0.0010145862784897,0.0008803742187159,0.0070558589893162,0.001102787675846,0.9896224111373222
Ben Aldridge,0.0004755151523295,0.0023126833171232,0.0016814466323469,0.0357838389548677,0.0012699719493475,0.958476543993985
Sally Field,0.0005097631511591,0.0041268941322648,0.005897404377221,0.008267630388116,0.0009508719132317,0.980247436038007
Bill Irwin,0.000298734954512,0.0008288513633355,0.0009480411262297,0.0047222172695628,0.001217515155103,0.9919846401312568
Jeffery Self,0.0003925449222648,0.0012201230208571,0.0007878847917724,0.0176320338398496,0.0025875678916404,0.9773798455336156
Booboo Stewart,0.000772197646251,0.0089520847535706,0.0040284699811521,0.0842859736721639,0.0048991795714638,0.8970620943753985
Scarlett Sperduto,0.0005892513131298,0.0167586106820793,0.0007465072558064,0.0008358857844665,0.0001110537574048,0.980958691207113
Nils Allen Stewart,0.0004027639975967,0.002311956536887,0.0008920340413472,0.0234036006669436,0.001242559086998,0.9717470856702272
Bryson JonSteele,0.0006217780466077,0.0168926752024498,0.0143776875616213,0.0504273030286557,0.0023632297993083,0.915317326361357
Josh Bradshaw,0.0004028870266805,0.0026133167809306,0.0006943782442818,0.0393825291223416,0.0010873584846745,0.9558195303410908
Robert Baker,0.0004265844382953,0.0031201175129852,0.0009987438190831,0.0352941405366357,0.0016230109430996,0.958537402749901
Brent Chase,0.0003861494915392,0.0011883428401822,0.0007643595645698,0.0269719525270351,0.0031517633340316,0.9675374322426418
Katie Savoy,0.0005930745870247,0.0018789304505014,0.0012280051330574,0.1193803229885573,0.003033452310185,0.8738862145306742
Mark Hamill,0.0003195466672466,0.0032231524578946,0.0028005621814708,0.0012869045267423,0.0015367568109319,0.9908330773557136
Ben Messmer,0.000143303719065,0.0022541381104483,0.0017597377075959,0.0004658152861695,0.0003400003724044,0.9950370048043168
Alison Brie,0.0005050448020748,0.0032576864181191,0.0011375169793077,0.0058734287007143,0.000332018073692,0.9888943050260918
Jay Ellis,0.0007536582581353,0.0051397646956784,0.0058126566495972,0.0728767581776702,0.0020358021824942,0.9133813600364246
Kiersey Clemons,0.0015456401525502,0.005660694790815,0.0040974751261566,0.1666944490624658,0.0022984893595646,0.8197032515084476
Danny Pudi,5.342476613974493e-05,0.0243203203274065,0.3063599395926951,0.0030265062687328,0.0001650013002641,0.6660748077447617
Olga Merediz,0.0003545090542904,0.5792044230654313,0.008817906792136,0.0090679467271584,0.0007818831256846,0.4017733312352992
Jennifer Lopez,0.000420168707376,0.7908648249535887,0.0119205417186544,0.0042449718305395,0.0026409095218734,0.1899085832679677
Joseph Fiennes,0.0002188542638702,0.0263716720790681,0.0078765071098554,0.0130965187300069,0.0005902315831505,0.9518462162340484
Gael García Bernal,0.0002371839051062,0.8968858826221557,0.0109116473508189,0.0013015243010512,0.0011569938611144,0.0895067679597533
Omari Hardwick,0.0008537654061523,0.0013142794958096,0.0012300742881801,0.1231933660135394,0.0026746390792266,0.8707338757170917
Paul Raci,0.0002016779692512,0.0155124743869798,0.0095840106518552,0.0198306350668025,0.0005831247627237,0.9542880771623872
Steff Ivory Conover,0.0003846380149031,0.0056525330728423,0.0035943634266277,0.0118497578077088,0.0013010739076149,0.9772176337703028
Mischa O'Hoski,0.0006202896284333,0.0229832736708348,0.018104591814602,0.0345830663170708,0.0015059941286587,0.9222027844404004
Paul Krysinski,0.0006239282937893,0.0011439021492707,0.0019318914875457,0.0013693468798981,0.0001193656311294,0.9948115655583666
Ryan Brown,0.0006861253023827,0.0032971538657383,0.0021787988272665,0.0995665059859626,0.0021169718250268,0.8921544441936228
Jeff William Campbell,0.0004529630266488,0.0014621192736279,0.0011627173172437,0.0471934479077664,0.0012576881995212,0.9484710642751918
Noah Jupe,0.0001315620164574,0.0147262405860978,0.00066756022203,0.0023015212239804,0.0002630319778119,0.9819100839736222
Mandy Patinkin,0.000168857519566,0.0081360019769172,0.0081257551403947,0.0108272907221323,0.0005340021474324,0.9722080924935572
Brian Tyree Henry,0.0006307104153253,0.002981318479127,0.0021215446954063,0.0821590747789219,0.0037950587975426,0.9083122928336764
Sian Clifford,0.0005499932289514,0.0018357006746532,0.0065274347104051,0.0107220817951341,0.0037626670319601,0.9766021225588958
Benedict Wong,0.0012885226940232,0.0086714738665337,0.9779098104171164,0.0012926191441497,7.159201343279974e-05,0.0107659818647441
Reese Witherspoon,0.0010089405212935,0.0036840289783328,0.0011457366752876,0.3315632478829076,0.0015577328647717,0.6610403130774065
Ashton Kutcher,6.405040251198778e-05,0.0031286680776795,0.0003772832447365,0.0024836705374756,0.0005129677971605,0.9934333599404356
Steve Zahn,0.0003188043460832,0.0018547492514173,0.0026330696609303,0.0006264920807937,0.0011045502710623,0.993462334389713
Wesley Kimmel,0.0003009165175534,0.0010903801213795,0.0013587904194981,0.0015327618569706,0.0006903065078491,0.9950268445767492
Rachel Bloom,0.0003367239343404,0.0034159828643455,0.0017737060915689,0.0043279856957983,0.0005651377885903,0.9895804636253565
Luke Corcoran,0.0002509194026566,0.0020425849845209,0.0012599221982495,0.0006178790814105,0.0009367723653487,0.9948919219678136
Cristina Ryan,0.000617848050595,0.0222998282659689,0.0061375793536634,0.0029351572996872,0.0009125674645099,0.9670970195655754
Aidan O Sullivan,0.0003055014489944,0.0026022566513283,0.0014982373868183,0.0126853257603353,0.0009130676836741,0.9819956110688496
Tadhg Devery,0.0001789919614861,0.003101709002448,0.0018793870139426,0.0024335975890585,0.0001425234611211,0.9922637909719434
Marybeth Herron,0.0004642367331978,0.0027094176749808,0.0009883233013177,0.0451320306094503,0.0009550904965682,0.949750901184485
Krew Boylan,0.0004063541204605,0.0032557678347873,0.0053105454762534,0.0089471845078002,0.0026245543740236,0.9794555936866748
Rose Byrne,0.0004004623942084,0.0082480599638713,0.0036606476507433,0.000968242853442,0.0005384322398601,0.9861841548978748
Bobby Cannavale,1.2864980333271528e-05,0.0022200057058541,0.0003926815879925,0.0010028944332638,4.716207962224904e-05,0.9963243912129338
Daniel Webber,0.0004701757108,0.0111361054034227,0.0030757892456666,0.0280173142957238,0.0013061207401298,0.9559944946042568
Celeste Barber,0.0005887274788753,0.0136186242977867,0.00270753113702,0.0551132414498552,0.0027005107202428,0.9252713649162198
Sam Worthington,0.0006573580703225,0.0029921480835096,0.0040512512750996,0.0175381880904781,0.0015854724879316,0.9731755819926584
Phoebe Tonkin,0.0008760594937744,0.0052229925184537,0.0133129425335496,0.000450175427447,0.0003616779932187,0.9797761520335564
Matt Nable,0.0009614654155799,0.0049546258150319,0.0596961836260205,0.0305920463343043,0.0004115097000298,0.9033841691090334
Susie Porter,0.0005665004207844,0.0066698934460386,0.0027488012915971,0.0728366199597383,0.0021434293556797,0.9150347555261614
Edward Carmody,0.0003372776248508,0.006080826719058,0.0023618866699,0.0010574680388862,0.0002256910017546,0.9899368499455502
Mark Manson,0.0006909759462755,0.0062667328090776,0.0021847666149888,0.0629873425385449,0.0037492723611397,0.9241209097299732
Nathan Price,0.0004653723868113,0.0025636134448403,0.0014606609946339,0.0525417532914741,0.001424072984431,0.9415445268978092
Tom Blackwell,0.0005973633837189,0.0011587522455532,0.0012341614527395,0.069833192810712,0.0015399062007145,0.9256366239065618
Matthew Metcalfe,0.0004463780940435,0.0033835367549713,0.001528111361225,0.016652889229147,0.0012338039682945,0.9767552805923184
Don Mancini,0.0002315507728051,0.0019401120073545,0.0011368917031713,0.0005993759403563,0.0002389381880349,0.9958531313882776
Brad Dourif,0.0004452262237964,0.0077326172305221,0.0044991976518622,0.0342840812838475,0.0015581040603805,0.951480773549591
Jennifer Tilly,0.0003137853544395,0.0041038353830925,0.0021449907362026,0.0208469055697771,0.0031713648557728,0.9694191181007152
Tony Gardner,0.0006101228856668,0.0069229053468261,0.0047501658479759,0.0575089297388515,0.0017893045651502,0.9284185716155292
David Kirschner,0.0002892505996594,0.0045256907706599,0.0007913704857263,0.0005266050793664,0.0008431690427339,0.993023914021854
Kodi Smit-McPhee,0.0005084106791556,0.0126172935262283,0.0103764729247656,0.0410631176277499,0.0022231186167868,0.9332115866253134
Isabelle Fuhrman,0.0002364844847808,0.0042635256103409,0.002635417948728,0.0002815024148591,0.0006986768858428,0.991884392655448
Virginia Madsen,0.0002993076199116,0.0065731233786134,0.0020998631548409,0.0009818394748427,0.0009544663936666,0.9890913999781248
Danny DeVito,0.0003588254858899,0.0077090412883475,0.0018074464506118,0.0003593024882234,0.0002352750894077,0.9895301091975196
Evan Ross,0.0005428018850172,0.0028834410643543,0.0019838909803005,0.0630930237621668,0.0019179509679054,0.9295788913402556
Robert Pattinson,0.0001608295349243,0.0033598444844743,0.0013579074538346,0.0035141601772593,0.0011070212609308,0.9905002370885766
Mia Wasikowska,0.0006450708344534,0.0592157559311418,0.1065423492696718,0.0382579911574866,0.0017681102415741,0.7935707225656718
David Zellner,0.0004090891669065,0.0028857779753843,0.0014561777044158,0.0346922287622356,0.0006889829285223,0.9598677434625352
Nathan Zellner,0.0003748538518776,0.0017373748472235,0.0011249198217887,0.0331646338633156,0.000706996933248,0.9628912206825462
Robert Forster,0.0002556906873473,0.0023637717584718,0.0012630126651384,0.009937337322633,0.0007347836444603,0.985445403921949
Alexander Molony,0.0004402758041944,0.0011291434058659,0.0037633404734484,0.0014441664193178,0.0022023722782542,0.9910207016189192
Ever Anderson,0.0008927232175586,0.0423514829743525,0.0060709835674521,0.0663932978025158,0.0027519382986367,0.881539574139484
Jude Law,0.001085296196968,0.0055763887388599,0.1525590588952187,0.0888436966314844,0.0010470998791851,0.7508884596582838
Alyssa Wapanatâhk,0.000539489276084,0.0725804569103913,0.0171389820975851,0.0303392270968118,0.0018075502243696,0.8775942943947579
Jim Gaffigan,0.0005504450523174,0.0004953266731998,0.0004158460565312,0.0015052754951657,0.0001943912079626,0.9968387155148232
Morten Harket,0.0001149969840072,0.0026244220780377,0.0022263340067381,0.0019758557287502,0.0003517694338415,0.992706621768625
Magne Furuholmen,0.000179610026038,0.0079389078020981,0.0056120567710645,0.0058798153010977,0.0002945637593093,0.980095046340392
Pål Waaktaar,0.0001081135118518,0.0016008450004166,0.0009609683314537,0.0009934413327105,0.0002957199485925,0.9960409118749748
Thomas Robsahm,0.0001475596253509,0.0049784421382887,0.0043091766924014,0.0103891431414451,0.000487817176303,0.9796878612262108
Aslaug Holm,1.1265682263802843e-05,8.651575238526384e-05,0.000109879837151,3.741367388805267e-05,2.1807258169697656e-05,0.9997331177961422
Teagan Croft,0.0003162441938975,0.0014822232747261,0.0007017045979907,0.0183930453400795,0.0008108234015847,0.9782959591917214
Cliff Curtis,0.0004757159817579,0.0014975298416779,0.0014816843371969,0.0461950800617665,0.0025015854809098,0.9478484042966908
Anna Paquin,0.0005747635302324,0.0040436407269413,0.004469352873373,0.0007873332135161,0.0107326267402402,0.9793922829156966
Josh Lawson,0.0004605725743588,0.0024209991315019,0.0006801546964611,0.0518497700760652,0.0012803240637121,0.9433081794579008
Todd Lasance,0.0001269051181438,0.0024624328902369,0.0013357122274703,0.0093442862124008,0.0004382824266746,0.9862923811250734
Thomas Haden Church,0.0003545406019483,0.0014272557665821,0.0011913618355991,0.0119279826705128,0.0012656344197852,0.9838332247055722
Dianna Agron,0.0006906015881585,0.3177032918601679,0.019370322636224,0.0097750358432747,0.0001520813970868,0.6523086666750878
Sameerah Luqmaan-Harris,0.0017985748764717,0.0101006182183498,0.039140456302539,0.1089440365484986,0.0023329751342463,0.8376833389198943
Alex Lehmann,0.0004199078989568,0.0124284222770797,0.0032445153605896,0.0017126121587546,0.0006710037737589,0.9815235385308602
Chris Dowling,0.0002861232011937,0.0032851324105306,0.0011264510027056,0.0158773392569205,0.0007650405900467,0.9786599135386026
Julianne Moore,0.0005815614955303,0.0049477064697661,0.0023846585716143,0.0663053479356748,0.0014441299634504,0.924336595563964
Sebastian Stan,0.0014058539919749,0.0308869922841494,0.011439906448301,0.0064291174056054,0.001457211539409,0.94838091833056
Justice Jesse Smith,0.0007538250806558,0.0031716215432158,0.001555146828172,0.1493488188327647,0.0025304050351654,0.8426401826800262
Briana Middleton,0.000575377183915,0.0079766055378841,0.0008161180031297,0.1182623902217593,0.0012489045832138,0.8711206044700978
John Lithgow,0.0004765414114493,0.0330734034812425,0.0008920411101236,0.0008971896284407,9.802097793951732e-05,0.9645628033908042
Rachael Leigh Cook,0.0004036956317005,0.0022360277994923,0.0008489971160366,0.0314620688107037,0.0016848488825119,0.9633643617595546
Scott Ly,0.0041730005467882,0.0025299748144102,0.8856591042880226,0.0116425013941567,0.0003553791342515,0.0956400398223704
Missi Pyle,0.0003057027046499,0.0011730715703554,0.000534899752135,0.0036787505100816,0.0013769756024909,0.992930599860287
Ben Feldman,0.0002567090480189,0.0026779989602506,0.0017662827205523,0.0010789236790234,0.0001567218386006,0.994063363753554
Andrew Barth Feldman,0.0002485447137325,0.003958866872424,0.0018484004895149,0.0009973462667239,0.0001409883850469,0.9928058532725574
Jena Malone,0.0005565935450684,0.0036265305760854,0.0020841887194309,0.071922551106301,0.0014932976256676,0.9203168384274464
Cooper Koch,0.0002144615881975,0.0010107334847468,0.0009808804666136,0.0004803763671259,0.0005050499855922,0.9968084981077238
Jose Colon,6.20681136495432e-05,0.9892866760532444,0.0006138755777686,0.0004088587163104,0.0001098274686289,0.0095186940703977
Mark Patton,0.0005273547747671,0.0035274936577368,0.0018502250724298,0.0509715654330563,0.0016806192633203,0.9414427417986896
Carter Smith,0.0004982527349096,0.0014765606630342,0.0012605695338174,0.0687160086171851,0.0022242234182972,0.925824385032756
Jon Michael Simpson,0.0005234353457988,0.0028068256070965,0.0017362796914697,0.0557908659038994,0.0018300886824172,0.9373125047693182
Jeff McQuitty,0.0002838104888039,0.0012906506743947,0.0005684937975675,0.016367182305003,0.0003493405696289,0.9811405221646016
Olivia Ducayen,0.0005800607657324,0.0653304734058993,0.0187206821066659,0.0389708725497133,0.0018272486074432,0.8745706625645455
Paige Evans,0.0004682168410189,0.001575188626727,0.0005556354140288,0.0712739747567741,0.0015326642623898,0.9245943200990612
Dave Peniuk,0.0001474928061694,0.005311632201383,0.0034836310506269,0.0093586966636204,0.0004884491445841,0.981210098133616
John Boyega,0.0005674616015751,0.026951051086691,0.0178656424369279,0.0373417136779314,0.0017565228754509,0.9155176083214236
Jamie Foxx,0.0008768652659764,0.0022719674542672,0.0015698811563444,0.1805293129889657,0.004959394198303,0.809792578936143
Teyonah Parris,0.001445806847952,0.0117868946857917,0.0045924556416583,0.0805816557888581,0.002974312688774,0.8986188743469655
Kiefer Sutherland,0.0005617804581226,0.0048392090988166,0.0027886767134945,0.0208988457778272,0.0019644342585512,0.9689470536931876
David Alan Grier,0.0008264534301564,0.005102988756832,0.0023333714814533,0.2352164237354036,0.0007588245928199,0.7557619380033346
Taron Egerton,0.0006470267402839,0.0007728114858445,0.0002730330600125,0.1128613968729577,0.0006566813566546,0.8847890504842465
Nikita Efremov,3.0559338572582015e-05,0.0004292269276431,0.0024540257065759,0.0011541028202473,4.379344569158684e-05,0.9958882917612696
Toby Jones,0.0006785635677478,0.0028240852079599,0.001597212452005,0.1327739110054245,0.0030332407902177,0.8590929869766447
Sofya Lebedeva,5.9187072868104e-08,0.0012772418433673,0.0001898044736435,2.326051963716487e-06,1.18374145736208e-07,0.9985304500698068
Ben Miles,0.0006675470721903,0.0032492815554064,0.0027100664142682,0.0983518110506109,0.0021345889087337,0.8928867049987902
Alexander Skarsgård,0.0002410015408617,0.0437949113168282,0.011068753956782,0.0123407043366881,0.0006512585084416,0.931903370340398
Mia Goth,0.0003709693191272,0.0028124731316863,0.0063229808313354,0.001864638928953,0.0011409830482287,0.9874879547406692
Cleopatra Coleman,0.0011412200885301,0.0046482561504681,0.0017794651306103,0.2665603129116203,0.0018069671910876,0.7240637785276834
Thomas Kretschmann,3.249805243257164e-05,0.0009518565436438,0.0020700256186736,0.0011327181819537,0.0001805857720596,0.9956323158312366
Amanda Brugel,0.0001480419802384,0.0111468655525979,0.002504902452656,0.0177712779644291,0.0005061514143343,0.967922760635744
Dionne Warwick,0.0005451185575797,0.0021112579494353,0.0008725653258188,0.0123306447273175,0.0013833481590485,0.9827570652808
Burt Bacharach,5.682335257140132e-05,0.0037016702980104,0.0004172592643489,0.0009900221654752,0.0001309947219395,0.9947032301976544
Clive Davis,0.0008541939717721,0.0016647275021264,0.0022987699305756,0.1477318123123178,0.0021642301945925,0.8452862660886153
Elton John,0.0021526349786554,0.0071257691254647,0.176430550355955,0.1015001363385349,0.0663916285547341,0.6463992806466556
Gladys Knight,0.0009765225826741,0.0275191524550926,0.0051067015708435,0.0994769475372231,0.0024950701886086,0.8644256056655578
Stephen Dorff,0.0002516539678855,0.001428531256462,0.0036197563675187,0.0013765260668464,0.0006866141924613,0.992636918148826
Emile Hirsch,0.0004047828045139,0.0037350364746916,0.0025865476765225,0.0027800538217656,0.0003705902198678,0.9901229890026384
Gigi Zumbado,0.0001582076501622,0.6813684218601594,0.0191388312068117,0.0052626007265432,0.0005223460999828,0.2935495924563405
Tyler Sanders,0.000529248742217,0.0017463796793942,0.0006627273397564,0.0994329755971555,0.0020722911054752,0.8955563775360014
Erika Ervin,0.0008590799565307,0.0265356983472051,0.002613393596697,0.1152150217039909,0.0020038065320893,0.8527729998634869
Sophie Skelton,0.0005069630876536,0.0026293568523212,0.0054608458423201,0.0137979257180037,0.0010760483080474,0.9765288601916536
Stuart Brennan,0.0002161178760692,0.0008639406849203,0.0010759205023079,0.0015140296471747,0.0005267848905229,0.9958032063990048
"Bret ""The Hitman"" Hart",0.0003511075565321,0.0011507456734431,0.0005631706675579,0.0283342735495767,0.0013566376408267,0.9682440649120632
Steve Johnson,0.0006104696279185,0.0023956327717575,0.0016276031080118,0.0989788746879978,0.002176548619372,0.8942108711849421
Chris Watt,0.0005176623838024,0.0033790617180849,0.0032381852046051,0.0351647025560632,0.0020863248629666,0.9556140632744774
Neville Brothers,0.0007495787053693,0.0019090723279561,0.0019681718548844,0.0661822433575743,0.0019259512292305,0.927264982524985
Irma Thomas,0.0015499684417952,0.0765087462605197,0.0210702640862081,0.1218876290966342,0.0047824529141086,0.7742009392007339
Ledisi,0.0003567246315733,0.0188707330102323,0.0171176253797529,0.5007665961511375,0.0007134492631467,0.4621748715641571
Snoop Dogg,1.4083311554264064e-05,0.0086552480958716,0.0049046059989954,0.0683144896764761,5.151890293377602e-05,0.9180600540141688
G-Eazy,0.0005070870803242,0.0663421503110992,0.0383021392869073,0.057086943431193,0.0010141741606485,0.8367475057298276
Lachlan Watson,0.0005792697086031,0.0011899012799901,0.0014964666743268,0.0880042365054975,0.0028238766890593,0.905906249142523
Michele Hicks,0.0004981918179633,0.0024292296977083,0.0007813566421675,0.0690651800731545,0.0018871965100186,0.9253388452589876
Shunori Ramanathan,0.0011428457050804,0.0011210673002261,0.9721757107761336,0.0008483467549637,0.0004215345768118,0.0242904948867841
Brendan Meyer,0.0002402170093452,0.0011375250977455,0.0011931717686705,0.0007716859997477,0.0003536109184633,0.9963037892060276
Nick Sandow,0.0001973060705786,0.0036380891449921,0.0104608453764322,0.0016266350568139,0.0025184747444483,0.9815586496067346
Clayne Crawford,0.0005518674450184,0.0047833162561516,0.0011859094022152,0.0673235888694526,0.0013386598419309,0.924816658185231
Jordana Brewster,0.0007137869278195,0.0072285199367222,0.0013742899840885,0.047084068158749,0.0020033978363658,0.9415959371562548
Michael Raymond-James,0.0005388088631042,0.0303981216567901,0.0147480480078976,0.0368597961062131,0.001635658607071,0.9158195667589236
Jeffrey Dean Morgan,0.0005182959961118,0.0038687881457594,0.0025758483380399,0.0426958643308489,0.0023246609874032,0.9480165422018366
Colt Crawford,0.0004678497237724,0.0011468352167826,0.0005241760014257,0.0716024914248584,0.0015652065866918,0.9246934410464688
Bob Odenkirk,0.0001655751240489,0.0051619043549607,0.0042037814529177,0.0276834175214714,0.0007743341449327,0.9620109874016683
Danny Huston,0.0005500768151165,0.0084546725433777,0.0037043976631938,0.0217654392030117,0.0013316441426427,0.9641937696326576
Radha Mitchell,0.012458921516284,0.0041183323828704,0.1413750818553008,0.084930946014782,0.0080868687698023,0.7490298494609604
Rosie Fellner,0.0007671321778426,0.0232292226352521,0.010369470708022,0.0009235294443516,0.0005386983413165,0.9641719466932148
Cyrus Pahlavi,0.0004499982547019,0.0209139408414511,0.0217901644287414,0.0174646102281127,0.0009375817028686,0.938443704544124
Channing Tatum,0.0006356238408705,0.0022923747991568,0.0013048711488956,0.1711987678015354,0.002236701982034,0.8223316604275075
Salma Hayek,0.0100975162604488,0.0147347636949925,0.0238267045093008,0.0014491075711966,0.0010638241942531,0.948828083769808
Caitlin Gerard,0.0004712531523111,0.0024178995697477,0.0014428301523876,0.0144314696743344,0.0007441763618886,0.9804923710893302
Gavin Spokes,0.0017703253100597,0.0021173520927558,0.0052300936186882,0.016797868715774,0.0003608326287155,0.9737235276340066
Ayub Khan-Din,0.0084896721421306,0.0179156743609785,0.3497856015450716,0.0672143124594193,0.0026433762770706,0.5539513632153291
Casper Van Dien,0.0010812268577537,0.0017657440690352,0.3886740053156927,0.0066592403071086,0.0044154665386923,0.5974043169117174
Elyse Dinh,0.0016186446299498,0.0036275636345676,0.904790750004226,0.0008134916341938,0.0006603942166982,0.0884891558803645
Vivien Ngô,1.4762507668633037e-06,8.203143585709042e-05,0.9821985016519276,4.61975337823016e-05,2.992081613422996e-06,0.0176688010460529
Ian Alexander,0.0008655046367288,0.0064819760565687,0.0070763806061614,0.1081860706514251,0.0018857194839985,0.8755043485651173
Megan Le,0.0026629201132805,0.0032909306330124,0.882324602750583,0.0033125267327995,0.0002792976467072,0.1081297221236172
Olivia Colman,0.0006475358490802,0.0282968668347285,0.0034254309753006,0.0777858391987983,0.001305731675555,0.8885385954665371
Micheal Ward,0.0006317311072656,0.0027177087860365,0.0013838420199039,0.0841477324855536,0.002711817269081,0.9084071683321592
Colin Firth,0.0002976595401043,0.0005484317271408,0.0027827063353838,0.0009983867157094,0.0004905519245278,0.9948822637571336
Crystal Clarke,0.0008239578099656,0.0124680967071835,0.0018550238471589,0.1118964285365334,0.0011436595611427,0.8718128335380156
Stephen Moyer,0.0002614554992657,0.0011805652169202,0.0013744708936508,0.0059543260145413,0.0006088901326348,0.9906202922429868
Colm Meaney,7.667301769014141e-05,0.0005473781059023,0.0005722728060441,0.0002736383649377,0.0002328175750217,0.9982972201304038
Clare-Hope Ashitey,1.6099946019719324e-05,0.0008516871444431,0.0007325475438972,0.3948376829593147,3.219989203943865e-05,0.6035297825142856
Kris Johnson,0.00070067611021,0.0034263295615067,0.0025717290574881,0.095349685617164,0.0023934067407188,0.895558172912912
Sadie Jean Shirley,0.0004530291197117,0.0028638849091702,0.0009295787641488,0.0251474647019686,0.0082752040117068,0.9623308384932936
Adam Pally,2.082725113194686e-05,0.0039704924322953,0.0191269931573029,0.1971302522729687,5.550089236311472e-05,0.7796959339939379
Reid Scott,0.0006246438146505,0.0016375973824715,0.0013560575183111,0.0974694525371819,0.0026490134311999,0.896263235316185
Rhys Coiro,0.0004406473743911,0.0039511653195863,0.0007724086235814,0.0009142350340888,8.880951670865578e-05,0.9938327341316436
Peter Grosz,0.0003634735119988,0.0026338096209834,0.0025268551892294,0.0006618472671033,0.0006072108875907,0.9932068035230942
Bruce Willis,0.0005549906089082,0.0012000439315027,0.0014888660238682,0.091116910821826,0.0026593031750904,0.902979885438804
Lochlyn Munro,0.0004202454794358,0.0068533665751911,0.0087826717119976,0.0104149257966355,0.0009470472879097,0.97258174314883
Willow Shields,0.0004775278067531,0.0020167433424211,0.0015595765357834,0.0486703080494884,0.0036747271538939,0.94360111711166
Jack Kilmer,0.0002869107403,0.0014168256286873,0.0023339318686286,0.0008342565188532,0.0007133219246346,0.994414753318896
Alvaro Calderón,3.234507275405981e-07,0.9940805070391476,9.27911777413385e-06,4.800624173058991e-06,9.866505670062754e-07,0.0059041031176106
Kevin Hart,0.0004632608873177,0.0032985761348123,0.0031609300344921,0.0350472280096468,0.0014942654457058,0.9565357394880252
John Travolta,6.96523956004183e-06,0.0106776684180772,0.0171278658180364,0.0508514684200449,2.1560229954324053e-05,0.9213144718743272
Nathalie Emmanuel,0.0092172250053066,0.1157873216251738,0.1606046305542118,0.3122171463202478,0.0035307571664977,0.3986429193285621
Josh Hartnett,0.00027756567667,0.0030331842396203,0.0006538246336671,0.0019012100150775,0.000437815837696,0.9936963995972689
Jean Reno,0.0005435279547743,0.0051120553356596,0.0034425014989121,0.0087491103455183,0.0018910589638619,0.9802617459012736
Julia Mayorga,0.0003460070709598,0.8335509604392909,0.0051681389070411,0.0009136812536603,0.0007258772424878,0.1592953350865599
Katie Holmes,0.0005385557820258,0.0019413348239424,0.0008472991106077,0.1023371923253233,0.0016606589890494,0.8926749589690511
Alan Cumming,0.0003370770089611,0.0042850863037821,0.0042252499334615,0.0180839227475025,0.0016353827921311,0.9714332812141612
Derek Luke,0.000647248071251,0.002817650199368,0.0219770211606861,0.0409590019338454,0.0024332420285738,0.9311658366062754
Saundra Santiago,0.0012859769741415,0.5802585632381922,0.0244420962536852,0.0306751608434404,0.0022454166836445,0.3610927860068959
Nicolas Cage,0.0018644204099895,0.0353407232172122,0.004778972255505,0.2128334569954941,0.0023118320487057,0.7428705950730934
Ryan Kiera Armstrong,0.0005175839801838,0.0030282965875152,0.0021379506595743,0.0500607877332843,0.001876757318062,0.94237862372138
Clint Howard,0.0005521081231663,0.0016680588602136,0.0008157212237208,0.0924828551641605,0.0021166621645957,0.9023645944641429
Abraham Benrubi,0.0005043407560052,0.1538631485240381,0.0201040462342741,0.0264985070508158,0.0011204239534484,0.7979095334814182
Nick Searcy,0.0004767747973846,0.0046747060294337,0.0017272802780348,0.0662298829153268,0.0006572568233532,0.9262340991564666
Malin Akerman,0.0005758070089617,0.0039667843241661,0.0013371918064661,0.0002276444769711,0.0052046852556925,0.9886878871277422
Rob Corddry,0.0001400644511024,0.0055034100028756,0.0024749262295958,0.0096780334314773,0.0005012735393733,0.9817022923455756
Jerry O'Connell,1.750275862211188e-06,0.000381273926134,0.0004412996426376,0.0146177806321982,6.001755538411968e-06,0.9845518937676294
Erinn Hayes,0.0004966939992108,0.0021512286720945,0.0007724059069878,0.0748833973410694,0.0018467017871492,0.919849572293488
Ryan Hansen,0.0003233535629333,0.0023031073595739,0.0022546612689631,0.0008166622292117,0.0008836278997592,0.9934185876795586
Olivia Luccardi,0.0002072635178255,0.0451752305084555,0.0066891516522795,0.0139248172166691,0.0006529005178316,0.9333506365869384
William Baldwin,0.0004175949612812,0.002404090492884,0.0013397819083699,0.0483715835037452,0.0018728827906788,0.9455940663430408
Sam Quartin,0.0003263717382139,0.0218468733322772,0.0151802623156385,0.032703984158542,0.0007672070726357,0.9291753013826924
Owen Campbell,0.0005529343540181,0.0023616321165383,0.0023433464322324,0.0580755697651068,0.0016077270653664,0.935058790266738
Virginia Rand,0.0004527697153159,0.011656868624465,0.0031976760897927,0.0310652610356553,0.0007962185442332,0.9528312059905376
Naomi Krauss,0.0003697796018174,0.0079148035089947,0.0028368515612298,0.0006409927350259,0.0004144817477184,0.9878230908452136
Goran Bogdan,2.349476654276785e-07,0.0001151447929078,6.921723501516466e-05,2.492928174406988e-07,1.664765059679534e-07,0.999814987255088
Adnan Maral,9.33278596460694e-05,0.0050658989613038,0.1957600593043707,0.0004784452901472,2.624437239642172e-05,0.7985760242121356
Artjom Gilz,2.782689270671024e-06,0.0001968253096349,0.0002222622481537,0.0003384199605176,5.565378541342047e-06,0.9992341444138816
Bahar Balci,1.336713314721942e-09,2.1012635614675808e-06,5.343146139498419e-05,1.1508607897580368e-05,2.673426629443885e-09,0.999932954657006
Tim Roth,0.0002166233073642,0.0008201018159509,0.0016008476412457,0.0009497081682306,0.0004014150053407,0.9960113040618676
Jordan Oosterhof,0.0001684126369787,0.0105818419665405,0.0035350857082162,0.0224982364597594,0.000588355007557,0.9626280682209478
Conan Hayes,0.0008490400746118,0.0037495924779032,0.0068249284736424,0.0766666931188665,0.0030768734139903,0.9088328724409857
Abigail Laurent,0.0019180922442685,0.0273018853685643,0.0063533923857558,0.1262481110369374,0.000879828202702,0.8372986907617717
Sage Klein,0.0002804473178532,0.0023341317169199,0.0011103463561114,0.0006582967073123,0.0006713950738529,0.99494538282795
Bill Nighy,0.0001356442912755,0.002682898532407,0.0026041551977221,0.0101133612858366,0.0005044685021715,0.9839594721905868
Aimee Lou Wood,0.0003954690257079,0.0049398491707847,0.0026150297812357,0.0116196992711774,0.0016170703115357,0.9788128824395584
Alex Sharp,0.0005626971736852,0.0116036643303094,0.0036765943269597,0.0254583484581186,0.0023842950200474,0.9563144006908796
Tom Burke,0.0003193161689078,0.001158544795893,0.0016632495359664,0.0170753612345532,0.0009053930127231,0.9788781352519564
Adrian Rawlins,0.0012379737567191,0.0310793377170634,0.010231135486857,0.048512927368402,0.0012232665861017,0.9077153590848566
Gideon Adlon,2.207310636579388e-07,0.0067790783866104,0.0070464595807391,0.2585462281564753,4.414621273158776e-07,0.7276275716829841
Dylan Sprayberry,0.0003029668934342,0.0008847318658445,0.0007337012579444,0.0001131313074914,0.0007280014613955,0.9972374672138896
Bethlehem Million,0.0036723044598951,0.005883144620455,0.0046413829902062,0.1094727191288349,0.0037452018333051,0.8725852469673036
Jane Adams,0.0006364796639092,0.0034978485853574,0.0042346443753891,0.0583746081599171,0.0017790861686642,0.9314773330467628
John Hyams,0.000217187224232,0.0039349791136478,0.0027283799321713,0.007967560173621,5.183597917143943e-05,0.9851000575771562
Ralph Fiennes,0.0002031769245273,0.0337636748463346,0.0070089298395064,0.0124128930689068,0.0006055003630628,0.9460058249576618
Anya Taylor-Joy,0.000819220901932,0.0368321626163829,0.0324972564791511,0.041731311699257,0.0017584439074217,0.8863616043958552
Nicholas Hoult,2.385911765316372e-05,0.0010206091054485,0.0008996686853047,0.0047858716076487,0.000113999737756,0.9931559917461888
Hong Chau,0.000152929167013,8.63143920923509e-05,0.9992850905511894,1.069411223079979e-05,9.094674757098828e-06,0.0004558771027171
Janet McTeer,0.0004862767132754,0.0017412338833849,0.0019864594236525,0.0705990064583049,8.791501279049848e-05,0.9250991085085916
Costa-Gavras,0.0,0.4556663843517219,0.0005980936928866,0.0058926840491086,0.0,0.5378428379062827
Jonas Mekas,0.000291053626486,0.0283839566616705,0.016299467852327,0.014281470026387,0.0007596243893495,0.9399844274437796
Patricio Guzmán,2.9496340631627825e-07,0.9952297635587394,1.3817246802533476e-05,5.1049198677245725e-06,8.776143564513672e-07,0.0047501416968274
Ken Loach,0.0005859327001906,0.0005280757933015,0.0023925055611113,0.0375121495119311,0.0001612949706213,0.958820041462844
Bill Morrison,0.0004066730149247,0.0009416220917225,0.0010767981410058,0.0337512270621966,0.0019116034759846,0.9619120762141654
Morgan Saylor,0.0002343074325641,0.0011277330760507,0.0004669102598384,0.0066038734178418,0.0010164411864436,0.9905507346272612
Myko Olivier,0.0024708205619994,0.0520313432046978,0.0125204753028801,0.0857806672334882,0.0010346840785964,0.8461620096183379
Danilo Crovetti,0.0005911627011076,0.1846889542793024,0.0560832684267472,0.0061640603237316,0.0009926354146984,0.7514799188544126
Keith Powell,0.000523215580004,0.0012113449889184,0.000933693613073,0.0873437264799255,0.0012047777301844,0.9087832416078944
Laura Coover,0.000228861926884,0.0049882962130971,0.0007119708705231,0.001760500694822,0.0005723156254674,0.9917380546692062
McKaley Miller,0.0003393954261616,0.00114786238985,0.0008823927508922,0.0171577449423198,0.00095050130185,0.979522103188926
Dermot Mulroney,0.0001170176913034,0.0008748334148494,0.0009754984544462,0.0011231573071071,6.640074505458953e-05,0.9968430923872392
Anne Heche,0.0001867064337836,0.0112786634972404,0.0087559548667146,0.0099462835469545,0.0004924993114893,0.9693398923438176
Brice Anthony Heller,0.00023584910736,0.0010265379731497,0.0007627558025875,0.0042719242793403,0.0004343183382546,0.9932686144993076
Wil Deusner,0.0002025107309083,0.0160699979435357,0.009036177952589,0.0130039029565452,0.0007762374679027,0.9609111729485188
Liz Cheney,0.0003924539439442,0.008469733184848,0.002019210270588,0.0059925729220594,0.0022249363195714,0.9809010933589888
Nancy Pelosi,0.0002914758371243,0.0078037470756648,0.0005059498260524,0.0013322311992591,0.0001678993351776,0.9898986967267216
Steven Sund,0.000235328084809,0.0062166147099742,0.012220428042232,0.0016823848984389,0.0013714081010765,0.9782738361634692
Jules Naudet,0.0002214544310008,0.0181240403329904,0.0090022232512996,0.0128398346249239,0.0006218259358105,0.9591906214239744
Gédéon Naudet,2.032348172875758e-06,0.0001207115034996,9.282643807433884e-05,0.0089596834291653,4.064696345751516e-06,0.990820681584742
Clay Tatum,0.0005697023078946,0.0016957591342614,0.0004561082126249,0.1406438372009341,0.0021683710525831,0.8544662220917018
Whitmer Thomas,0.0005128413215093,0.005935408566594,0.0129576439121654,0.4269139105954656,0.0011262742987085,0.5525539213055571
Whitney Weir,0.000349835657261,0.0015820351332703,0.0006140279249109,0.0216474320188588,0.0006512749795894,0.9751553942861094
Budd Diaz,0.0010681881129522,0.446066903807348,0.0270312913600932,0.0122831186277156,0.0035597519683267,0.5099907461235641
Robert Longstreet,0.000320510252684,0.0024223525094855,0.0012602775826269,0.0706090310321847,0.0042456859311535,0.9211421426918652
August Maturo,0.0002804426884275,0.0029162430697231,0.0061040262066605,0.0005491794509413,0.0003938638826295,0.9897562447016178
Ayelet Zurer,0.0001925866793745,0.0054214905366847,0.0025638770503893,0.0033484593470679,0.0003192261390462,0.9881543602474372
Ken Duken,0.0001634251224603,0.003835685957918,0.0087806707045753,0.0102014970986608,0.0004933648494933,0.976525356266892
Rebeka Rea,0.0008164504929235,0.0805330804839073,0.0166009182597916,0.0026210428439711,0.0010196059764101,0.8984089019429963
Lois Robbins,0.0003363234151827,0.0010886993428311,0.000768231114019,0.0175884119426101,0.0014209751051153,0.9787973590802416
Peyton Elizabeth Lee,0.0010295353008531,0.0018017260261357,0.0845702160515831,0.0880051004005468,0.0041006678210145,0.8204927543998666
Milo Manheim,0.0001786345980291,0.0030680734629166,0.0098718092990256,0.0005288162612906,0.0012597072483261,0.9850929591304116
Blake Draper,0.000347261851694,0.0013407217014938,0.0005180284902924,0.0385760258876651,0.0037777864780986,0.9554401755907558
Monique A. Green,0.0007828985041988,0.010347727481681,0.0012309201573487,0.2096805118850902,0.0019354628428282,0.7760224791288528
Arica Himmel,0.0001786069727381,0.0010110097152265,0.0003442873481928,0.0053916489752572,0.0003472061588457,0.9927272408297396
Sinqua Walls,0.0010696275125545,0.0061301166276666,0.003819775619373,0.0821796165346696,0.0018613857919568,0.9049394779137792
Jack Harlow,0.0002526506581804,0.0012365107013708,0.0021800728032854,0.0022980044257281,0.0013782649488406,0.9926544964625946
Teyana Taylor,0.0007615011074683,0.0016146834583436,0.0004669665020305,0.1569008093314283,0.0016153875588302,0.8386406520418989
Laura Harrier,0.0002665390148321,0.0077983493079836,0.0007366949859666,0.0009183211238167,0.0005569691991719,0.9897231263682288
Vince Staples,0.0007034490190019,0.0068095807706085,0.004941783901498,0.0476324282918694,0.0034921885495998,0.936420569467422
Johnny Berchtold,0.0003035424166587,0.0086602210618899,0.0027802016624446,0.0013134398115541,0.0006936447692037,0.9862489502782488
Rob Lowe,0.0005183954106419,0.0024324064826052,0.0038302006798298,0.0468085975310597,0.0020723281048699,0.9443380717909932
Kimberly Williams-Paisley,0.0005318031784053,0.0383840265863877,0.0117523627200827,0.0442128020002268,0.0018066082618842,0.903312397253013
Susan Gallagher,0.0002549954142902,0.0018717078277956,0.001501911243097,0.0011604794041802,0.0004072937130914,0.9948036123975452
Nick Peine,7.522932012357657e-05,0.0007324720088009,0.0009417409474324,0.0007036729825889,0.0004854144749751,0.997061470266079
Gary Busey,0.000700948953467,0.0007592476591839,0.0013680229860667,0.0273811908916639,0.0017184230605207,0.9680721664490974
Don Stroud,0.0004387706431772,0.0014726322947948,0.0016454396955721,0.0431132772726151,0.0015109483644807,0.95181893172936
Charles Martin Smith,0.0005398101199484,0.0017271547639636,0.0012895445530578,0.084095403898429,0.0019407523312208,0.9104073343333802
William Jordan,0.0005603782927816,0.0049085017500181,0.0016626029356304,0.1019173676153006,0.0016374120362974,0.8893137373699718
Maria Richwine,0.0007561306909468,0.0247560388004142,0.0022283075988175,0.0004266598400267,0.000500054990065,0.9713328080797295
Cate Jones,0.0007217413683514,0.0027633176197113,0.0021664216834799,0.1137691824128824,0.0023050830852718,0.878274253830303
Ben Hall,0.0005487012018137,0.0025378385098212,0.0026825998494401,0.0569651586691521,0.0014733509347177,0.9357923508350552
Mickey Reece,0.0006907601559397,0.0030528248028275,0.0019009779473988,0.0394368740713649,0.0084666835883301,0.9464518794341388
Joe Cappa,0.0001774841614442,0.0193024734948254,0.0029985509256636,0.0005621570148445,0.0003188769828969,0.9766404574203252
Leah N.H. Philpott,0.0004086077106342,0.0046822187398331,0.001812594695211,0.0186659673671685,0.002551432183935,0.971879179303218
Chris Hemsworth,0.0005929854029633,0.0070836285010888,0.0014127732186618,0.001738510972202,0.0001166398103528,0.9890554620947308
Golshifteh Farahani,0.0035142492999203,0.0131977633548163,0.0117791569874773,0.0006369655288832,0.0003152634510358,0.9705566013778668
Tornike Gogrichiani,4.17213866438539e-06,0.0026485660862621,0.0001898323092295,0.0001639650495103,8.34427732877078e-06,0.9969851201390048
Adam Bessa,0.0039476111831772,0.0235829159287292,0.0079175622660763,0.0029276541633827,0.0016934636077866,0.9599307928508478
Daniel Bernhardt,0.000299413081718,0.0112997059246809,0.003133986466555,0.0016779507145028,0.0011633915161284,0.9824255522964146
Ethan Hawke,0.00049586195948,0.0016609084728665,0.0030067577142821,0.00260426255695,0.0013104607257091,0.990921748570712
James Cromwell,0.0007244075622856,0.0018772776765068,0.0012909287804499,0.0882183942391667,0.0043802254510386,0.903508766290552
Richard Jenkins,0.0006373603324846,0.0042045587034888,0.0017113589241102,0.1182270710993805,0.0013996027327792,0.8738200482077564
James Rebhorn,0.0001690398753811,0.0061662317842566,0.0047140801351665,0.0337921446485743,0.0005657074965886,0.9545927960600328
Sam Shepard,0.0007626983513247,0.0033382448039744,0.0047604229216046,0.0486596770640786,0.0023709798288019,0.9401079770302156
Andy Allo,0.0007831712997027,0.0161284603691918,0.0441371180324031,0.0167647662423863,0.0001959145034345,0.9219905695528812
Nomzamo Mbatha,1.6965062435076452e-07,9.094028587451907e-06,6.624698701749566e-05,0.9764111826477012,3.3930124870152905e-07,0.0235129673848208
Dominic Purcell,0.0005461061421176,0.0085060328708849,0.0079878797103374,0.016442680683921,0.0010853337801903,0.9654319668125484
Mustafa Shakir,8.930809421883709e-07,0.0002747737264169,0.2019538984951891,0.1979153634380428,3.4159651451456626e-07,0.5998547296628943
Joanna Scanlan,0.0009547596298255,0.0176480054271523,0.0380990516835417,0.002159729466774,0.0006921553088733,0.9404462984838328
